(gdb) print *header
$2 = Header = {
  parent_hash = H256 = {[35, 151, 58, 193, 57, 167, 225, 22, 238, 112, 151, 206, 44, 57, 100, 228, 255, 50, 87, 5, 192, 162, 207, 172, 169, 70, 175,
      25, 54, 107, 173, 85]},
  timestamp = 1522930675,
  number = 1,
  author = H160 = {[0, 170, 57, 211, 15, 13, 32, 255, 3, 162, 44, 207, 195, 11, 126, 251, 252, 165, 151, 194]},
  transactions_root = H256 = {[86, 232, 31, 23, 27, 204, 85, 166, 255, 131, 69, 230, 146, 192, 248, 110, 91, 72, 224, 27, 153, 108, 173, 192, 1, 98,
      47, 181, 227, 99, 180, 33]},
  uncles_hash = H256 = {[29, 204, 77, 232, 222, 199, 93, 122, 171, 133, 181, 103, 182, 204, 212, 26, 211, 18, 69, 27, 148, 138, 116, 19, 240, 161,
      66, 253, 64, 212, 147, 71]},
  extra_data = Vec<u8>(len: 22, cap: 22) = {213, 131, 1, 11, 0, 134, 80, 97, 114, 105, 116, 121, 134, 49, 46, 50, 53, 46, 48, 130, 108, 105},
  state_root = H256 = {[8, 86, 248, 143, 53, 139, 222, 93, 158, 57, 96, 220, 71, 136, 136, 119, 169, 206, 117, 18, 220, 193, 9, 56, 242, 229, 217,
      115, 175, 73, 32, 76]},
  receipts_root = H256 = {[86, 232, 31, 23, 27, 204, 85, 166, 255, 131, 69, 230, 146, 192, 248, 110, 91, 72, 224, 27, 153, 108, 173, 192, 1, 98, 47,
      181, 227, 99, 180, 33]},
  log_bloom = Bloom = {[0 <repeats 256 times>]},
  gas_used = U256 = {[0, 0, 0, 0]},
  gas_limit = U256 = {[5994142, 0, 0, 0]},
  difficulty = U256 = {[18446744073709551609, 18446744073709551615, 0, 0]},
  seal = Vec<alloc::vec::Vec<u8>>(len: 3, cap: 3) = {Vec<u8>(len: 1, cap: 1) = {7}, Vec<u8>(len: 1, cap: 1) = {128}, Vec<u8>(len: 203, cap: 203) = {
      248, 201, 184, 65, 130, 88, 95, 102, 71, 11, 80, 116, 64, 141, 22, 68, 188, 45, 126, 193, 110, 67, 160, 109, 135, 3, 64, 133, 11, 25, 14, 143,
      149, 142, 41, 193, 52, 96, 166, 165, 240, 32, 125, 25, 155, 244, 181, 148, 52, 47, 182, 226, 249, 133, 192, 102, 111, 241, 186, 224, 2, 252,
      175, 194, 80, 224, 162, 123, 0, 184, 65, 163, 241, 113, 212, 130, 59, 225, 207, 196, 202, 100, 208, 5, 132, 56, 212, 130, 190, 106, 42, 135,
      190, 218, 34, 32, 125, 89, 233, 155, 21, 223, 211, 123, 101, 145, 136, 99, 104, 241, 223, 175, 56, 166, 0, 130, 195, 62, 200, 102, 220, 85, 92,
      12, 10, 40, 53, 126, 83, 25, 218, 148, 188, 94, 183, 0, 184, 65, 146, 229, 73, 122, 12, 199, 0, 253, 137, 12, 40, 163, 108, 7, 54, 182, 28, 43,
      58, 59, 115, 1, 224, 9, 248, 89, 245, 194, 83, 181, 249, 252, 112, 61, 63, 166, 41, 116, 209, 94, 69, 114, 6, 208, 2, 199, 97, 228, 189, 111,
      202, 9, 26, 99, 100, 165, 79, 206, 40, 176, 7, 198...}},
  hash = Some = {H256 = {[187, 252, 224, 61, 230, 63, 15, 40, 120, 251, 233, 236, 49, 192, 168, 37, 238, 162, 81, 121, 124, 19, 152, 144, 97, 156,
        186, 51, 11, 93, 16, 9]}}
}

(gdb) print *header
$1 = Header = {
  parent_hash = H256 = {[187, 252, 224, 61, 230, 63, 15, 40, 120, 251, 233, 236, 49, 192, 168, 37, 238, 162, 81, 121, 124, 19, 152, 144, 97, 156,
      186, 51, 11, 93, 16, 9]},
  timestamp = 1522937436,
  number = 2,
  author = H160 = {[0, 189, 19, 138, 189, 112, 226, 240, 9, 3, 38, 143, 61, 176, 143, 45, 37, 103, 124, 158]},
  transactions_root = H256 = {[47, 0, 83, 121, 47, 237, 65, 159, 151, 201, 144, 255, 182, 49, 25, 128, 66, 240, 91, 105, 84, 138, 152, 225, 46, 142,
      81, 74, 111, 58, 134, 250]},
  uncles_hash = H256 = {[29, 204, 77, 232, 222, 199, 93, 122, 171, 133, 181, 103, 182, 204, 212, 26, 211, 18, 69, 27, 148, 138, 116, 19, 240, 161,
      66, 253, 64, 212, 147, 71]},
  extra_data = Vec<u8>(len: 22, cap: 22) = {213, 131, 1, 11, 0, 134, 80, 97, 114, 105, 116, 121, 134, 49, 46, 50, 53, 46, 48, 130, 108, 105},
  state_root = H256 = {[217, 83, 103, 193, 159, 89, 244, 231, 58, 156, 176, 209, 141, 80, 212, 172, 27, 56, 172, 222, 227, 96, 27, 20, 129, 194, 102,
      52, 156, 171, 154, 4]},
  receipts_root = H256 = {[214, 255, 99, 192, 163, 18, 243, 4, 85, 71, 141, 203, 29, 233, 55, 234, 39, 3, 76, 141, 228, 47, 207, 17, 250, 44, 249,
      105, 177, 215, 99, 78]},
  log_bloom = Bloom = {[0 <repeats 256 times>]},
  gas_used = U256 = {[42000, 0, 0, 0]},
  gas_limit = U256 = {[5988290, 0, 0, 0]},
  difficulty = U256 = {[5, 0, 1, 0]},
  seal = Vec<alloc::vec::Vec<u8>>(len: 3, cap: 4) = {Vec<u8>(len: 1, cap: 1) = {1}, Vec<u8>(len: 67, cap: 67) = {184, 65, 237, 159, 115, 180, 163,
      214, 214, 76, 198, 72, 250, 6, 195, 87, 140, 31, 251, 110, 0, 112, 154, 132, 141, 179, 41, 116, 71, 58, 74, 115, 123, 209, 50, 29, 13, 7, 99,
      128, 188, 64, 6, 16, 2, 247, 48, 64, 36, 116, 33, 46, 232, 8, 31, 242, 243, 7, 217, 226, 158, 201, 128, 152, 49, 28, 1},
    Vec<u8>(len: 1, cap: 1) = {192}},
  hash = Some = {H256 = {[111, 2, 17, 125, 40, 153, 159, 86, 202, 19, 181, 69, 155, 13, 86, 11, 254, 13, 60, 170, 50, 176, 200, 25, 40, 96, 177, 89,
        147, 16, 80, 206]}}
}
